0.652201 6.06175 -0.744722 
0.014987 6.38399 0 
0.652201 6.38399 0 
1.21198 5.99078 -0.372361 
1.21198 5.99078 -0.372361 
0.623215 5.28378 -0.900168 
0.014987 6.06175 -0.744722 
0.652201 6.38399 0 
1.21198 5.99078 0.372361 
-0.499023 6.05894 0 
-0.499023 5.8319 -0.550935 
0.04393 5.28378 -0.900168 
0.014987 6.38399 0 
-0.544921 5.28378 -0.634221 
0.04393 4.50582 -0.636515 
0.623215 4.50582 -0.636515 
-0.490891 4.73566 -0.426039 
0.623215 4.18358 0 
0.04393 4.18358 0 
0.04393 4.18358 0 
1.09187 4.60382 0 
0.623215 4.18358 0 
1.09187 4.76874 -0.393388 
1.09187 4.76874 -0.393388 
1.27087 5.34032 0 
1.09187 4.76874 -0.393388 
1.09187 5.34032 -0.900839 
1.21198 5.99078 -0.372361 
2.03067 5.45442 -0.668523 
1.65291 5.06325 -0.886533 
1.09187 4.76874 -0.393388 
2.42183 4.32506 -0.76866 
1.62259 4.68288 -0.558616 
-0.423352 4.50863 0 
1.21198 5.99078 -0.372361 
1.21198 5.99078 0.372361 
1.27087 5.34032 0 
1.27087 5.34032 0 
1.21198 5.99078 0.372361 
1.8271 5.02203 0.233461 
2.03067 5.45442 0.668523 
2.42183 4.32506 0.76866 
1.62259 4.68288 0.558616 
1.09187 4.76874 0.393388 
1.27087 5.34032 0 
-0.490891 4.73566 0.426039 
-0.423352 4.50863 0 
0.04393 4.50582 0.636515 
-0.544921 5.28378 0.634221 
0.04393 5.28378 0.900168 
0.04393 4.18358 0 
0.04393 4.18358 0 
0.623215 4.50582 0.636515 
0.623215 5.28378 0.900168 
0.014987 6.06175 0.744722 
0.652201 6.06175 0.744722 
-0.499023 5.8319 0.550935 
0.014987 6.38399 0 
0.014987 6.38399 0 
0.652201 6.38399 0 
1.21198 5.99078 0.372361 
1.21198 5.99078 0.372361 
1.09187 5.34032 0.900839 
2.03067 5.45442 0.668523 
1.21198 5.99078 0.372361 
1.65878 5.08484 0.878596 
1.09187 4.76874 0.393388 
1.09187 4.76874 0.393388 
2.42183 4.32506 0.76866 
1.62259 4.68288 0.558616 
0.623215 4.18358 0 
-0.499023 6.05894 0 
0.623215 4.50582 0.636515 
0.623215 4.18358 0 
1.09187 4.60382 0 
1.09187 4.76874 0.393388 
1.09187 4.76874 0.393388 
1.27087 5.34032 0 
1.27087 5.34032 0 
1.09187 4.76874 -0.393388 
1.8271 5.02203 -0.233461 
1.62259 4.68288 -0.558616 
2.42183 4.32506 -0.76866 
1.21198 5.99078 -0.372361 
1.27087 5.34032 0 
2.03067 5.45442 -0.668523 
-0.423352 4.50863 0 
-0.490891 4.73566 0.426039 
-0.75592 5.28378 0 
-0.490891 4.73566 -0.426039 
-0.544921 5.28378 -0.634221 
-0.499023 5.8319 0.550935 
-0.544921 5.28378 0.634221 
-0.499023 6.05894 0 
-0.499023 5.8319 -0.550935 
-1.57483 7.48955 0.309699 
-1.52048 7.19531 0.26659 
-1.52547 7.19092 0.313427 
-1.56117 7.5927 0.408627 
-1.5104 7.18943 0.420542 
-1.52981 7.50065 0.521534 
-1.48045 7.20201 0.525262 
-1.45681 7.211 0.566171 
-1.34103 6.94309 0.509708 
-1.38605 6.93199 0.297873 
-1.30285 6.85368 0.391013 
-1.47075 7.20459 -0.56389 
-1.44911 7.21379 -0.605006 
-1.33487 6.94569 -0.546275 
-1.5051 7.19532 -0.460391 
-1.29987 6.85606 -0.426935 
-1.52146 7.19283 -0.353381 
-1.38559 6.93394 -0.335766 
-1.52083 7.19717 -0.307301 
-1.57405 7.49152 -0.350944 
-1.55773 7.59511 -0.449207 
-1.52334 7.50328 -0.561453 
-1.75532 6.80271 -0.123069 
-1.9014 6.68619 -0.140192 
-2.06878 6.85268 0.000507 
-2.06878 6.85268 0.000507 
-1.75511 6.88771 -0.000209 
-1.36468 6.65536 -0.099673 
-1.36468 6.65536 -0.099673 
-1.9014 6.68619 -0.140192 
-1.34826 6.72521 -0.001329 
-2.00547 6.62879 -0.003383 
-2.06878 6.85268 0.000507 
-1.36468 6.65536 -0.099673 
-1.37427 6.57195 -9.1e-05 
-2.00547 6.62879 -0.003383 
-1.9014 6.68619 -0.140192 
-2.00547 6.62879 -0.003383 
-1.37427 6.57195 -9.1e-05 
-1.36468 6.65536 0.101187 
-1.9014 6.68619 0.139862 
-2.06878 6.85268 0.000507 
-1.75532 6.80271 0.122461 
-1.75511 6.88771 -0.000209 
-2.06878 6.85268 0.000507 
-1.9014 6.68619 0.139862 
-1.9014 6.68619 0.139862 
-1.36468 6.65536 0.101187 
-1.36468 6.65536 0.101187 
-1.34826 6.72521 -0.001329 
-2.06878 6.85268 0.000507 
-2.00547 6.62879 -0.003383 
-0.259773 8.28287 1.58529 
-0.860418 9.0981 1.88301 
-0.327144 8.61253 1.41439 
-0.327144 8.61253 1.41439 
-0.860418 9.0981 1.88301 
-0.818561 8.83533 1.1256 
-1.132 6.73264 -0.674886 
-1.06423 6.66128 -0.829536 
-1.31289 6.62865 -0.379186 
-1.35696 6.84334 -0.140001 
-1.19177 6.99627 -0.001277 
-0.841859 7.00757 -0.766769 
-0.918717 6.98035 -1.14085 
-0.918717 6.98035 -1.14085 
-1.45172 6.64833 0 
-1.35696 6.84334 0.140001 
-0.844475 7.00365 0.753866 
-1.132 6.73264 0.674886 
-1.31289 6.62865 0.379186 
-1.27738 6.3755 0 
-1.17671 6.40238 0.435275 
-1.06423 6.66128 0.829536 
-0.918717 6.98035 1.14085 
-0.918717 6.98035 1.14085 
-0.964356 6.46315 0.830617 
-0.726859 6.74708 1.17845 
-0.945039 6.22817 0.456735 
-1.0563 6.21549 0 
-0.760427 6.25131 0.741644 
-0.580639 6.54736 1.18171 
-0.418708 6.34433 1.07842 
-0.666747 6.11933 0.46865 
-0.773916 6.06987 0 
-0.666747 6.11933 -0.46865 
-0.945039 6.22817 -0.456735 
-0.18436 5.98637 -0 
-0.073767 6.03624 0.422512 
-0.773916 6.06987 0 
-0.18436 5.98637 -0 
-0.073767 6.03624 -0.422512 
-0.760427 6.25131 -0.741644 
-1.17671 6.40238 -0.435275 
-0.964356 6.46315 -0.830617 
-0.580639 6.54736 -1.18171 
-0.41879 6.34443 -1.06851 
-0.726859 6.74708 -1.17845 
-0.259773 8.28287 -1.58529 
-0.327144 8.61253 -1.41439 
-0.860418 9.0981 -1.88301 
-0.860418 9.0981 -1.88301 
-0.327144 8.61253 -1.41439 
-0.818561 8.83533 -1.1256 
-0.95322 8.45634 1.16245 
-0.259773 8.28287 1.58529 
-0.818561 8.83533 1.1256 
-0.662659 7.97072 1.51022 
-0.327144 8.61253 1.41439 
-0.004562 8.14853 1.74196 
0.311914 7.28249 1.74568 
-0.794122 7.3719 1.35519 
1.49611 8.1463 2.11171 
1.1873 7.15021 1.90194 
0.260511 9.21657 1.21655 
0.979477 8.97693 1.39995 
1.96804 8.75079 1.64549 
1.75508 5.86686 1.99647 
2.31491 6.09579 1.83246 
1.99285 6.9948 2.10079 
2.22434 4.17893 1.68421 
1.1873 7.15021 1.90194 
0.831151 6.29226 1.25731 
1.45832 5.71789 1.20775 
2.22434 4.17893 1.68421 
0.389968 6.42542 1.31775 
0.442368 5.97984 -0 
1.27908 6.01171 0 
0.831151 6.29226 1.25731 
0.442368 5.97984 -0 
-0.073767 6.03624 0.422512 
0.060689 6.94276 1.50758 
0.10069 6.47054 1.31521 
1.1873 7.15021 1.90194 
-0.522003 7.11337 1.37302 
-0.918717 6.98035 1.14085 
2.22434 4.17893 1.68421 
2.72567 6.21998 0.970423 
2.72567 6.21998 0.970423 
2.08252 7.64996 0.789385 
2.08252 7.64996 0.789385 
1.1873 7.15021 1.90194 
2.34744 7.8253 2.21698 
-0.004562 8.14853 1.74196 
1.99285 6.9948 2.10079 
2.80028 8.41659 1.83819 
3.14323 7.2117 2.16838 
2.56626 6.66252 2.17513 
3.53569 7.5994 1.88081 
4.03377 5.84002 1.61282 
3.53569 7.5994 1.88081 
4.03377 5.84002 1.61282 
1.56662 9.46211 1.01192 
2.98531 8.70972 0.530602 
3.12395 9.37594 0.73124 
1.89598 8.38412 0.509973 
1.89598 8.38412 0.509973 
0.979477 8.97693 1.39995 
4.59006 8.69932 0 
-0.872844 8.97128 0.898294 
-0.878866 9.35002 2.10139 
0.260511 9.21657 1.21655 
0.260511 9.21657 1.21655 
-0.878866 9.35002 2.10139 
-0.004562 8.14853 1.74196 
2.64472 6.83004 1.10274 
2.08252 7.64996 0.789385 
3.07561 7.46263 1.02189 
4.03377 5.84002 1.61282 
1.89598 8.38412 0.509973 
2.64479 8.06498 0.825035 
4.03377 5.84002 1.61282 
3.53569 7.5994 1.88081 
2.80028 8.41659 1.83819 
1.83072 6.47742 0 
2.39565 6.03994 0.556462 
1.85469 5.82269 0.719348 
2.78383 6.42634 0 
3.05595 6.85911 -0.642238 
1.27908 6.01171 0 
2.22434 4.17893 1.68421 
2.22434 4.17893 1.68421 
1.45832 5.71789 1.20775 
0.831151 6.29226 1.25731 
0.831151 6.29226 1.25731 
0.831151 6.29226 -1.25731 
1.85469 5.82269 -0.719348 
1.83072 6.47742 0 
1.85469 5.82269 -0.719348 
1.45832 5.71789 -1.20775 
2.22434 4.17893 -1.68421 
0.831151 6.29226 -1.25731 
2.39565 6.03994 -0.556462 
2.22434 4.17893 -1.68421 
3.05652 6.86097 0.642238 
2.08252 7.64996 0.789385 
1.83072 6.47742 0 
4.44373 5.84142 0 
4.44373 5.84142 0 
1.83072 6.47742 0 
2.08252 7.64996 -0.789385 
1.83072 6.47742 0 
2.08252 7.64996 0.789385 
2.15697 7.09874 0.672924 
2.39565 6.03994 0.556462 
2.72567 6.21998 0.970423 
2.08252 7.64996 0.789385 
2.72567 6.21998 0.970423 
2.22434 4.17893 1.68421 
4.03377 5.84002 1.61282 
2.56626 6.66252 2.17513 
2.64472 6.83004 1.10274 
1.99285 6.9948 2.10079 
1.99285 6.9948 2.10079 
2.08252 7.64996 0.789385 
2.08252 7.64996 0.789385 
1.1873 7.15021 1.90194 
1.45832 5.71789 -1.20775 
0.831151 6.29226 -1.25731 
1.75508 5.86686 -1.99647 
2.22434 4.17893 -1.68421 
0.389968 6.42542 -1.31775 
0.442368 5.97984 -0 
0.442368 5.97984 -0 
1.27908 6.01171 0 
1.1873 7.15021 -1.90194 
2.22434 4.17893 -1.68421 
2.31491 6.09579 -1.83246 
1.1873 7.15021 -1.90194 
2.22434 4.17893 -1.68421 
2.72567 6.21998 -0.970423 
2.72567 6.21998 -0.970423 
2.08252 7.64996 -0.789385 
1.1873 7.15021 -1.90194 
2.08252 7.64996 -0.789385 
1.49896 8.14833 -2.1248 
1.99285 6.9948 -2.10079 
-0.004562 8.14853 -1.74196 
0.311914 7.28249 -1.74568 
2.34744 7.8253 -2.21698 
1.96804 8.75079 -1.64549 
2.56626 6.66252 -2.17513 
2.56626 6.66252 -2.17513 
3.14323 7.2117 -2.16838 
2.80028 8.41659 -1.83819 
0.979477 8.97693 -1.39995 
0.260511 9.21657 -1.21655 
1.56662 9.46211 -1.01192 
3.12395 9.37594 -0.727181 
2.98531 8.70972 -0.527293 
1.89598 8.38412 -0.509973 
1.89598 8.38412 -0.509973 
0.979477 8.97693 -1.39995 
4.59006 8.69932 0 
-0.662659 7.97072 -1.51022 
-0.259773 8.28287 -1.58529 
-0.95322 8.45634 -1.16245 
-0.794122 7.3719 -1.35519 
-0.818561 8.83533 -1.1256 
-0.327144 8.61253 -1.41439 
-0.522002 7.11337 -1.37302 
-0.918717 6.98035 -1.14085 
0.060525 6.94294 -1.48714 
0.100527 6.47073 -1.29518 
0.389968 6.42542 -1.31775 
-0.073767 6.03624 -0.422512 
0.831151 6.29226 -1.25731 
1.1873 7.15021 -1.90194 
3.53569 7.5994 -1.88081 
4.03377 5.84002 -1.61282 
3.53569 7.5994 -1.88081 
4.03377 5.84002 -1.61282 
2.72567 6.21998 -0.970423 
2.08252 7.64996 -0.789385 
2.39565 6.03994 -0.556462 
2.08252 7.64996 -0.789385 
1.83072 6.47742 0 
2.22434 4.17893 -1.68421 
2.72567 6.21998 -0.970423 
3.40715 7.51432 -0.62253 
2.08252 7.64996 -0.789385 
1.89598 8.38412 -0.509973 
3.47236 7.8956 0 
3.05595 6.85911 -0.642238 
4.44373 5.84142 0 
4.44373 5.84142 0 
1.89598 8.38412 -0.509973 
1.89598 8.38412 0.509973 
-0.89701 7.92916 -1.36397 
-0.808896 7.92109 -1.46668 
-0.794122 7.3719 -1.35519 
-1.14694 8.33687 -1.19207 
-1.16776 8.1501 -1.20141 
-0.913704 7.91276 -1.0229 
-0.823974 7.3308 -1.16452 
-0.662659 7.97072 -1.51022 
-0.95322 8.45634 -1.16245 
-0.662659 7.97072 -1.51022 
-0.808896 7.92109 -1.46668 
-1.14694 8.33687 -1.19207 
-0.872844 8.97128 -0.898294 
-0.818561 8.83533 -1.1256 
-1.43797 8.36058 -0.74111 
-1.55243 8.24314 -0.734942 
-1.42523 8.6979 0 
-1.71553 7.78949 -0.418612 
-1.69063 8.21447 0 
-1.43797 8.36058 0.74111 
-0.872844 8.97128 0.898294 
-1.7695 7.78751 0 
-1.71553 7.78949 0.418612 
-1.55243 8.24314 0.734942 
-0.95322 8.45634 1.16245 
-0.818561 8.83533 1.1256 
-1.14694 8.33687 1.19207 
-1.14694 8.33687 1.19207 
-0.662659 7.97072 1.51022 
-1.54994 8.0705 0.777197 
-1.16776 8.1501 1.20141 
-0.808896 7.92109 1.46668 
-1.72204 7.76808 0.490167 
-1.69905 7.41867 0.283592 
-1.49695 7.37417 0.376324 
-1.74957 7.4296 0 
-1.72204 7.76808 0.490167 
-1.63016 7.14366 0.15655 
-1.72204 7.76808 0.490167 
-1.44683 7.6765 0.484925 
-1.46771 7.14058 0.252573 
-1.68435 7.14361 0 
-1.44722 7.00683 0.081463 
-1.69905 7.41867 -0.283592 
-1.63016 7.14366 -0.15655 
-1.47419 6.98375 0 
-1.46771 7.14058 -0.246112 
-1.47419 6.98375 0 
-1.44722 7.00683 -0.081463 
-1.49695 7.37417 -0.376324 
-1.44683 7.6765 -0.484925 
-1.72204 7.76808 -0.490167 
-1.26012 7.96977 -0.663116 
-1.72204 7.76808 -0.490167 
-1.54994 8.0705 -0.777197 
-0.999503 7.98691 -0.828459 
-1.16776 8.1501 -1.20141 
-1.54994 8.0705 -0.777197 
-1.72204 7.76808 -0.490167 
-1.55243 8.24314 -0.734942 
-1.43797 8.36058 -0.74111 
-1.54994 8.0705 -0.777197 
-1.72204 7.76808 -0.490167 
-1.72204 7.76808 0.490167 
-1.54994 8.0705 0.777197 
-1.26012 7.96977 0.663116 
-1.16776 8.1501 1.20141 
-0.999503 7.98691 0.828459 
-0.89701 7.92916 1.36397 
-0.913704 7.91276 1.0229 
-0.794122 7.3719 1.35519 
-0.823974 7.3308 1.16452 
-0.662659 7.97072 1.51022 
-1.72204 7.76808 0.490167 
-1.43797 8.36058 0.74111 
-0.794122 7.3719 -1.35519 
-0.918717 6.98035 -1.14085 
-0.823974 7.3308 -1.16452 
-0.823974 7.3308 -1.16452 
-0.918717 6.98035 -1.14085 
-0.841859 7.00757 -0.766769 
-0.872844 8.97128 -0.898294 
0.260511 9.21657 -1.21655 
-0.878866 9.35002 -2.10139 
-0.878866 9.35002 -2.10139 
0.260511 9.21657 -1.21655 
-0.004562 8.14853 -1.74196 
4.03377 5.84002 -1.61282 
2.64472 6.83004 -1.10208 
2.56626 6.66252 -2.17513 
2.56626 6.66252 -2.17513 
2.08252 7.64996 -0.789385 
1.99285 6.9948 -2.10079 
2.08252 7.64996 -0.789385 
1.1873 7.15021 -1.90194 
-0.259773 8.28287 1.58529 
-0.004562 8.14853 1.74196 
-0.860418 9.0981 1.88301 
-0.004562 8.14853 1.74196 
-0.878866 9.35002 2.10139 
-0.818561 8.83533 1.1256 
-0.872844 8.97128 0.898294 
-0.860418 9.0981 1.88301 
-0.878866 9.35002 2.10139 
-0.818561 8.83533 1.1256 
2.08252 7.64996 -0.789385 
2.64472 6.83004 -1.10208 
3.07561 7.46263 -1.02189 
2.64479 8.06498 -0.825035 
1.89598 8.38412 -0.509973 
4.03377 5.84002 -1.61282 
4.03377 5.84002 -1.61282 
3.53569 7.5994 -1.88081 
2.80028 8.41659 -1.83819 
2.80028 8.41659 -1.83819 
3.07561 7.46263 -1.02189 
1.96804 8.75079 -1.64549 
2.64479 8.06498 -0.825035 
1.89598 8.38412 -0.509973 
0.979477 8.97693 -1.39995 
-1.42523 8.6979 0 
-0.798401 9.18862 -0.471985 
-0.872844 8.97128 -0.898294 
-0.874184 9.22647 0 
-0.798401 9.18862 0.471985 
-0.872844 8.97128 0.898294 
0.067824 9.66764 -0.735775 
-0.015013 9.80174 0 
0.067824 9.66764 0.735775 
0.260511 9.21657 1.21655 
1.4129 9.92098 0.633395 
1.31646 10.0828 0 
1.56662 9.46211 1.01192 
3.15046 9.90295 0.00203 
1.4129 9.92098 -0.633395 
3.13498 9.73667 0.481156 
3.12395 9.37594 0.73124 
4.59006 8.69932 0 
4.59006 8.69932 0 
3.13498 9.73667 -0.477363 
1.56662 9.46211 -1.01192 
3.12395 9.37594 -0.727181 
0.260511 9.21657 -1.21655 
-0.872844 8.97128 -0.898294 
-0.823974 7.3308 1.16452 
-0.844475 7.00365 0.753866 
-0.918717 6.98035 1.14085 
-0.823974 7.3308 1.16452 
-0.918717 6.98035 1.14085 
-0.794122 7.3719 1.35519 
-1.54994 8.0705 0.777197 
-1.44683 7.6765 0.484925 
-1.26012 7.96977 0.663116 
0.979477 8.97693 1.39995 
1.96804 8.75079 1.64549 
1.89598 8.38412 0.509973 
2.64479 8.06498 0.825035 
2.80028 8.41659 1.83819 
3.07561 7.46263 1.02189 
1.89598 8.38412 0.509973 
1.89598 8.38412 -0.509973 
2.98531 8.70972 -0.527293 
2.98531 8.70972 0.530602 
4.59006 8.69932 0 
-0.004562 8.14853 -1.74196 
-0.259773 8.28287 -1.58529 
-0.878866 9.35002 -2.10139 
-0.878866 9.35002 -2.10139 
-0.860418 9.0981 -1.88301 
-0.872844 8.97128 -0.898294 
-0.818561 8.83533 -1.1256 
-0.878866 9.35002 -2.10139 
-0.860418 9.0981 -1.88301 
-0.872844 8.97128 -0.898294 
2.08252 7.64996 0.789385 
3.05652 6.86097 0.642238 
3.40715 7.51432 0.62253 
1.89598 8.38412 0.509973 
4.44373 5.84142 0 
4.44373 5.84142 0 
3.47236 7.8956 0 
-0.073767 6.03624 -0.422512 
0.442368 5.97984 -0 
-0.18436 5.98637 -0 
-0.073767 6.03624 0.422512 
0.10069 6.47054 1.31521 
0.060689 6.94276 1.50758 
-0.191025 6.62497 1.40382 
-0.580639 6.54736 1.18171 
-0.418708 6.34433 1.07842 
-0.073767 6.03624 0.422512 
-0.311732 6.85755 1.40898 
-0.580639 6.54736 1.18171 
-0.726859 6.74708 1.17845 
-0.726859 6.74708 1.17845 
-0.311732 6.85755 1.40898 
-0.522003 7.11337 1.37302 
-0.918717 6.98035 1.14085 
0.060689 6.94276 1.50758 
-0.918717 6.98035 -1.14085 
-0.522002 7.11337 -1.37302 
-0.311895 6.85774 -1.38838 
0.060525 6.94294 -1.48714 
-0.918717 6.98035 -1.14085 
-0.726859 6.74708 -1.17845 
-0.726859 6.74708 -1.17845 
-0.311895 6.85774 -1.38838 
-0.191353 6.62533 -1.36181 
-0.580639 6.54736 -1.18171 
0.060525 6.94294 -1.48714 
0.100527 6.47073 -1.29518 
-0.073767 6.03624 -0.422512 
-0.41879 6.34443 -1.06851 
-0.191353 6.62533 -1.36181 
-0.580639 6.54736 -1.18171 
-0.884033 8.72206 0.786479 
-1.15037 8.69583 0.425639 
-1.34597 8.35835 0.493728 
-1.06483 8.38604 0.91229 
-0.48543 8.76132 1.02758 
-1.44469 8.34863 0 
-1.2439 8.68662 0 
-1.34597 8.35835 -0.493728 
-1.15037 8.69583 -0.425639 
-1.06483 8.38604 -0.91229 
-0.884034 8.72206 -0.786479 
-0.644076 8.42747 -1.19196 
-0.48543 8.76132 -1.02758 
-0.884033 8.72206 0.786479 
-1.34597 8.35835 0.493728 
-1.06483 8.38604 0.91229 
-1.43748 8.09076 0.51972 
-1.14154 8.1199 0.960317 
-1.17401 7.83999 1.01947 
-1.48818 7.80905 0.551732 
-1.5414 8.08052 0 
-0.644075 8.42747 1.19196 
-1.06483 8.38604 0.91229 
-0.698632 8.16352 1.25471 
-0.703823 7.8863 1.332 
-0.48543 8.76132 1.02758 
-1.16602 7.55301 1.03944 
-0.686619 7.60022 1.35809 
-1.11787 7.26998 1.01947 
-1.48634 7.52146 0.562541 
-0.647685 7.31628 1.332 
-1.03142 7.00178 0.960317 
-1.43204 7.23904 0.551732 
-0.588516 7.0454 1.25471 
-1.5985 7.79819 0 
-1.59882 7.51038 1e-06 
-1.32736 6.97263 0.51972 
-1.54236 7.22817 0 
-1.48818 7.80905 -0.551731 
-1.48634 7.52146 -0.56254 
-1.43748 8.09076 -0.51972 
-1.14154 8.1199 -0.960317 
-1.17401 7.83999 -1.01947 
-1.43204 7.23904 -0.551731 
-1.16602 7.55301 -1.03944 
-0.698634 8.16352 -1.25471 
-0.703824 7.8863 -1.332 
-1.34597 8.35835 -0.493728 
-1.06483 8.38604 -0.91229 
-1.15037 8.69583 -0.425639 
-1.11787 7.26998 -1.01947 
-0.68662 7.60022 -1.35809 
-1.32736 6.97263 -0.51972 
-1.03142 7.00178 -0.960317 
-0.647686 7.31628 -1.332 
-1.43128 6.9624 0 
-1.26986 6.72328 0 
-1.17633 6.73249 -0.467735 
-0.90999 6.75872 -0.864263 
-0.588518 7.0454 -1.25471 
-0.511387 6.79797 -1.12921 
-1.17633 6.73249 0.467736 
-0.90999 6.75872 0.864263 
-0.511386 6.79798 1.12921 
-1.06483 8.38604 -0.91229 
-0.644076 8.42747 -1.19196 
-0.884034 8.72206 -0.786479 
-1.44469 8.34863 0 
-1.34597 8.35835 -0.493728 
-1.2439 8.68662 0 
-1.34597 8.35835 0.493728 
-1.44469 8.34863 0 
-1.15037 8.69583 0.425639 
-1.06483 8.38604 0.91229 
-1.43748 8.09076 0.51972 
-1.14154 8.1199 0.960317 
-1.5414 8.08052 0 
-1.34597 8.35835 0.493728 
-1.43748 8.09076 -0.51972 
-1.44469 8.34863 0 
-1.14154 8.1199 -0.960317 
-1.34597 8.35835 -0.493728 
-0.698634 8.16352 -1.25471 
-1.06483 8.38604 -0.91229 
-0.698632 8.16352 1.25471 
-0.644075 8.42747 1.19196 
1.00845 5.40466 -2.47107 
0.796473 6.07645 -2.47945 
0.910446 5.47987 -2.34212 
0.910446 5.47987 -2.34212 
0.32902 5.01085 -2.48286 
0.369239 5.06262 -2.87929 
0.964828 5.38558 -2.86314 
0.879131 6.08195 -2.62783 
0.312266 5.13284 -2.35355 
0.312266 5.13284 -2.35355 
-0.170252 5.5116 -2.65452 
1.00845 5.40466 -2.47107 
-0.127413 5.57384 -2.50461 
0.964828 5.38558 -2.86314 
0.879131 6.08195 -2.62783 
0.843327 5.956 -2.99575 
-0.127413 5.57384 -2.50461 
0.156593 6.13221 -2.58021 
0.142894 6.15955 -2.74574 
-0.170252 5.5116 -2.65452 
0.156593 6.13221 -2.58021 
0.879131 6.08195 -2.62783 
0.843327 5.956 -2.99575 
0.230661 6.01544 -3.09383 
0.230661 6.01544 -3.09383 
-0.03238 5.47901 -3.02024 
0.369239 5.06262 -2.87929 
-0.03238 5.47901 -3.02024 
0.843327 5.956 -2.99575 
0.964828 5.38558 -2.86314 
0.796473 6.07645 -2.47945 
0.32902 5.01085 -2.48286 
-0.170252 5.5116 -2.65452 
-0.03238 5.47901 -3.02024 
0.369239 5.06262 -2.87929 
0.796473 6.07645 -2.47945 
0.156593 6.13221 -2.58021 
-0.127413 5.57384 -2.50461 
0.910446 5.47987 -2.34212 
0.312266 5.13284 -2.35355 
0.533365 5.51998 -2.40479 
0.171034 5.68132 -2.02605 
0.234787 5.59491 -2.46177 
0.471112 5.60385 -1.98479 
0.234787 5.59491 -2.46177 
0.171034 5.68132 -2.02605 
0.25506 5.98344 -2.06507 
0.319739 5.8954 -2.51135 
0.319739 5.8954 -2.51135 
0.25506 5.98344 -2.06507 
0.555138 5.90597 -2.02381 
0.618317 5.82047 -2.45438 
0.618317 5.82047 -2.45438 
0.555138 5.90597 -2.02381 
0.471112 5.60385 -1.98479 
0.533365 5.51998 -2.40479 
0.02656 5.36833 -3.99763 
0.252259 5.00154 -3.64461 
0.047639 5.62631 -2.96719 
0.272531 5.2083 -2.77863 
0.02656 5.36833 -3.99763 
0.352231 5.93495 -3.60665 
0.047639 5.62631 -2.96719 
0.7731 6.03256 -2.94606 
1.03714 5.94104 -3.96352 
1.03714 5.94104 -3.96352 
0.02656 5.36833 -3.99763 
0.272531 5.2083 -2.77863 
0.997991 5.61456 -2.7575 
0.7731 6.03256 -2.94606 
0.997991 5.61456 -2.7575 
1.03714 5.94104 -3.96352 
1.03714 5.94104 -3.96352 
0.997991 5.61456 -2.7575 
1.20449 5.56709 -3.595 
0.997991 5.61456 -2.7575 
0.272531 5.2083 -2.77863 
1.20449 5.56709 -3.595 
0.252259 5.00154 -3.64461 
0.462368 5.41858 -3.69811 
0.450118 4.83567 -3.31102 
0.395688 4.88482 -3.68984 
0.534784 5.35319 -3.19412 
0.395688 4.88482 -3.68984 
0.450118 4.83567 -3.31102 
0.568863 4.48915 -3.43019 
0.531023 4.52332 -3.69354 
0.531023 4.52332 -3.69354 
0.568863 4.48915 -3.43019 
0.395896 4.43482 -3.41274 
0.358056 4.46899 -3.6761 
0.450118 4.83567 -3.31102 
0.358056 4.46899 -3.6761 
0.204427 4.7585 -3.28624 
0.204427 4.7585 -3.28624 
0.534784 5.35319 -3.19412 
0.204427 4.7585 -3.28624 
0.240538 5.2027 -3.1716 
0.149997 4.80765 -3.66505 
0.168123 5.26809 -3.6756 
0.240538 5.2027 -3.1716 
0.534784 5.35319 -3.19412 
0.462368 5.41858 -3.69811 
0.149997 4.80765 -3.66505 
0.204427 4.7585 -3.28624 
0.168123 5.26809 -3.6756 
0.462368 5.41858 -3.69811 
0.395688 4.88482 -3.68984 
0.395688 4.88482 -3.68984 
0.149997 4.80765 -3.66505 
0.531023 4.52332 -3.69354 
0.358056 4.46899 -3.6761 
1.34651 4.80185 -3.84859 
1.29222 4.90155 -4.09839 
1.33983 5.36473 -3.82786 
1.25541 5.516 -4.20993 
1.29222 4.90155 -4.09839 
0.772947 4.59946 -4.11452 
0.278132 4.96546 -4.23976 
1.1742 5.73189 -4.15284 
0.135917 5.14984 -4.19021 
0.826811 4.50198 -3.87229 
1.34651 4.80185 -3.84859 
0.364098 4.81661 -3.86381 
1.33983 5.36473 -3.82786 
0.364098 4.81661 -3.86381 
1.33983 5.36473 -3.82786 
0.252259 5.00154 -3.64461 
1.24145 5.50186 -3.65511 
0.826811 4.50198 -3.87229 
0.772947 4.59946 -4.11452 
1.34651 4.80185 -3.84859 
1.29222 4.90155 -4.09839 
1.25541 5.516 -4.20993 
1.1742 5.73189 -4.15284 
1.33983 5.36473 -3.82786 
1.33983 5.36473 -3.82786 
1.1742 5.73189 -4.15284 
1.24145 5.50186 -3.65511 
0.135917 5.14984 -4.19021 
0.278132 4.96546 -4.23976 
0.252259 5.00154 -3.64461 
0.364098 4.81661 -3.86381 
0.252259 5.00154 -3.64461 
0.364098 4.81661 -3.86381 
0.278132 4.96546 -4.23976 
0.826811 4.50198 -3.87229 
0.826811 4.50198 -3.87229 
0.278132 4.96546 -4.23976 
0.772947 4.59946 -4.11452 
1.20449 5.56709 -3.595 
0.252259 5.00154 -3.64461 
1.24145 5.50186 -3.65511 
1.20449 5.56709 -3.595 
1.24145 5.50186 -3.65511 
1.03714 5.94104 -3.96352 
1.1742 5.73189 -4.15284 
1.03714 5.94104 -3.96352 
1.1742 5.73189 -4.15284 
0.02656 5.36833 -3.99763 
0.135917 5.14984 -4.19021 
0.02656 5.36833 -3.99763 
0.135917 5.14984 -4.19021 
0.252259 5.00154 -3.64461 
0.25506 5.98344 -2.06507 
0.21278 6.06994 -1.25637 
0.514705 5.98934 -1.24667 
0.555138 5.90597 -2.02381 
0.555138 5.90597 -2.02381 
0.514705 5.98934 -1.24667 
0.432133 5.68478 -1.23177 
0.471112 5.60385 -1.98479 
0.471112 5.60385 -1.98479 
0.432133 5.68478 -1.23177 
0.130208 5.76538 -1.24146 
0.171034 5.68132 -2.02605 
0.171034 5.68132 -2.02605 
0.130208 5.76538 -1.24146 
0.21278 6.06994 -1.25637 
0.25506 5.98344 -2.06507 
0.514705 5.98934 -1.24667 
0.458704 5.68625 -0.370131 
0.432133 5.68478 -1.23177 
0.540953 5.99078 -0.372361 
0.432133 5.68478 -1.23177 
0.458704 5.68625 -0.370131 
0.156637 5.7666 -0.364839 
0.130208 5.76538 -1.24146 
0.130208 5.76538 -1.24146 
0.156637 5.7666 -0.364839 
0.23382 6.07091 -0.51047 
0.21278 6.06994 -1.25637 
0.21278 6.06994 -1.25637 
0.23382 6.07091 -0.51047 
0.540953 5.99078 -0.372361 
0.514705 5.98934 -1.24667 
0.156637 5.7666 -0.364839 
0.458704 5.68625 -0.370131 
0.23382 6.07091 -0.51047 
0.23382 6.07091 -0.51047 
0.458704 5.68625 -0.370131 
0.540953 5.99078 -0.372361 
-0.056637 5.52507 2.68638 
0.496931 5.13466 2.86346 
0.126226 5.48671 3.02101 
0.411846 5.08018 2.48702 
0.986104 5.44037 2.8372 
1.03054 5.466 2.45611 
0.496931 5.13466 2.86346 
0.411846 5.08018 2.48702 
0.387433 5.22044 2.34829 
0.911499 5.54774 2.32078 
0.911499 5.54774 2.32078 
0.899558 6.08606 2.62951 
0.986104 5.44037 2.8372 
0.882237 5.93128 2.97318 
0.899558 6.08606 2.62951 
-0.009613 5.59751 2.51711 
0.387433 5.22044 2.34829 
-0.056637 5.52507 2.68638 
0.800328 6.07344 2.46684 
-0.056637 5.52507 2.68638 
0.126226 5.48671 3.02101 
0.214023 6.22893 2.80141 
0.219514 6.19432 2.6133 
-0.009613 5.59751 2.51711 
0.340039 6.04405 3.11025 
0.340039 6.04405 3.11025 
0.899558 6.08606 2.62951 
0.899558 6.08606 2.62951 
0.800328 6.07344 2.46684 
0.219514 6.19432 2.6133 
0.126226 5.48671 3.02101 
0.882237 5.93128 2.97318 
0.882237 5.93128 2.97318 
0.496931 5.13466 2.86346 
0.986104 5.44037 2.8372 
0.800328 6.07344 2.46684 
0.911499 5.54774 2.32078 
0.387433 5.22044 2.34829 
0.219514 6.19432 2.6133 
-0.009613 5.59751 2.51711 
0.501543 5.64745 1.98035 
0.290381 5.61544 2.46376 
0.201411 5.71455 2.03517 
0.587654 5.55187 2.38895 
0.201411 5.71455 2.03517 
0.290381 5.61544 2.46376 
0.368905 5.9166 2.51955 
0.277894 6.01823 2.07602 
0.277894 6.01823 2.07602 
0.368905 5.9166 2.51955 
0.666179 5.85302 2.44474 
0.578027 5.95113 2.0212 
0.578027 5.95113 2.0212 
0.666179 5.85302 2.44474 
0.587654 5.55187 2.38895 
0.501543 5.64745 1.98035 
0.392162 5.92117 3.6474 
0.050491 5.64578 3.00187 
0.111209 5.37242 4.01475 
0.761555 6.07502 2.95803 
0.761555 6.07502 2.95803 
1.10188 5.97636 3.9493 
1.10188 5.97636 3.9493 
0.111209 5.37242 4.01475 
1.01946 5.61979 2.7233 
0.308395 5.19055 2.76714 
1.10188 5.97636 3.9493 
1.29647 5.6166 3.5924 
0.761555 6.07502 2.95803 
1.29647 5.6166 3.5924 
1.01946 5.61979 2.7233 
0.050491 5.64578 3.00187 
0.308395 5.19055 2.76714 
0.111209 5.37242 4.01475 
0.322432 4.98179 3.63277 
1.29647 5.6166 3.5924 
0.322432 4.98179 3.63277 
1.01946 5.61979 2.7233 
0.308395 5.19055 2.76714 
0.603483 5.33914 3.17261 
0.504358 4.85013 3.65789 
0.540346 4.81556 3.27528 
0.555603 5.38513 3.68165 
0.540346 4.81556 3.27528 
0.504358 4.85013 3.65789 
0.650308 4.49312 3.64186 
0.675327 4.46909 3.37587 
0.675327 4.46909 3.37587 
0.650308 4.49312 3.64186 
0.478345 4.43403 3.63137 
0.29608 4.73163 3.26039 
0.540346 4.81556 3.27528 
0.503364 4.41 3.36538 
0.503364 4.41 3.36538 
0.313031 5.18037 3.15987 
0.603483 5.33914 3.17261 
0.478345 4.43403 3.63137 
0.260092 4.76619 3.643 
0.29608 4.73163 3.26039 
0.555603 5.38513 3.68165 
0.603483 5.33914 3.17261 
0.313031 5.18037 3.15987 
0.26515 5.22636 3.66891 
0.29608 4.73163 3.26039 
0.260092 4.76619 3.643 
0.260092 4.76619 3.643 
0.478345 4.43403 3.63137 
0.504358 4.85013 3.65789 
0.555603 5.38513 3.68165 
0.650308 4.49312 3.64186 
0.26515 5.22636 3.66891 
0.260092 4.76619 3.643 
1.41333 5.47156 3.82577 
1.33072 5.6288 4.20582 
1.43823 4.90978 3.85894 
1.3851 5.01342 4.10738 
0.876032 4.69564 4.13952 
1.3851 5.01342 4.10738 
0.372068 5.04871 4.2654 
1.33072 5.6288 4.20582 
0.372068 5.04871 4.2654 
1.33072 5.6288 4.20582 
0.223241 5.22736 4.21429 
1.24172 5.84068 4.14539 
0.322432 4.98179 3.63277 
1.29647 5.6166 3.5924 
0.456251 4.89407 3.89138 
1.29647 5.6166 3.5924 
1.41333 5.47156 3.82577 
0.456251 4.89407 3.89138 
1.41333 5.47156 3.82577 
0.928799 4.59438 3.89861 
1.43823 4.90978 3.85894 
1.43823 4.90978 3.85894 
1.3851 5.01342 4.10738 
0.928799 4.59438 3.89861 
0.876032 4.69564 4.13952 
1.41333 5.47156 3.82577 
1.29647 5.6166 3.5924 
1.33072 5.6288 4.20582 
1.33072 5.6288 4.20582 
1.29647 5.6166 3.5924 
1.24172 5.84068 4.14539 
0.322432 4.98179 3.63277 
0.456251 4.89407 3.89138 
0.223241 5.22736 4.21429 
0.372068 5.04871 4.2654 
0.223241 5.22736 4.21429 
0.372068 5.04871 4.2654 
0.876032 4.69564 4.13952 
0.876032 4.69564 4.13952 
0.456251 4.89407 3.89138 
0.928799 4.59438 3.89861 
0.223241 5.22736 4.21429 
1.10188 5.97636 3.9493 
0.111209 5.37242 4.01475 
1.24172 5.84068 4.14539 
0.223241 5.22736 4.21429 
0.111209 5.37242 4.01475 
0.322432 4.98179 3.63277 
0.322432 4.98179 3.63277 
0.361917 5.13509 3.7003 
0.322432 4.98179 3.63277 
0.361917 5.13509 3.7003 
1.29647 5.6166 3.5924 
1.24172 5.84068 4.14539 
1.29647 5.6166 3.5924 
1.10188 5.97636 3.9493 
0.277894 6.01823 2.07602 
0.133937 5.79648 1.25231 
0.201411 5.71455 2.03517 
0.207257 6.10334 1.25821 
0.201411 5.71455 2.03517 
0.133937 5.79648 1.25231 
0.437796 5.72565 1.23972 
0.501543 5.64745 1.98035 
0.501543 5.64745 1.98035 
0.437796 5.72565 1.23972 
0.511116 6.03252 1.24562 
0.578027 5.95113 2.0212 
0.578027 5.95113 2.0212 
0.511116 6.03252 1.24562 
0.207257 6.10334 1.25821 
0.277894 6.01823 2.07602 
0.437796 5.72565 1.23972 
0.53721 5.99077 0.37236 
0.511116 6.03252 1.24562 
0.464781 5.68405 0.385545 
0.511116 6.03252 1.24562 
0.53721 5.99077 0.37236 
0.227695 6.06785 0.506845 
0.207257 6.10334 1.25821 
0.207257 6.10334 1.25821 
0.227695 6.06785 0.506845 
0.160289 5.7543 0.376791 
0.133937 5.79648 1.25231 
0.133937 5.79648 1.25231 
0.160289 5.7543 0.376791 
0.464781 5.68405 0.385545 
0.437796 5.72565 1.23972 
0.227695 6.06785 0.506845 
0.53721 5.99077 0.37236 
0.160289 5.7543 0.376791 
0.160289 5.7543 0.376791 
0.53721 5.99077 0.37236 
0.464781 5.68405 0.385545 
0.317087 2.15436 -0.101593 
0.030484 2.70477 -0.385338 
0.033796 2.15402 -0.38241 
0.312287 2.7066 -0.104418 
0.033796 2.15402 -0.38241 
0.030484 2.70477 -0.385338 
0.310027 2.705 -0.668474 
0.31461 2.15285 -0.66565 
0.31461 2.15285 -0.66565 
0.310027 2.705 -0.668474 
0.591826 2.707 -0.387553 
0.597901 2.15342 -0.384835 
0.597901 2.15342 -0.384835 
0.591826 2.707 -0.387553 
0.312287 2.7066 -0.104418 
0.317087 2.15436 -0.101593 
0.129879 1.86869 -1.10467 
0.158325 2.15547 -1.00659 
1.14762 1.85685 -0.819393 
-0.544358 1.86413 -0.390121 
-0.42313 2.15072 -0.390131 
0.158325 2.15547 -1.00659 
0.157947 1.30488 -1.00429 
1.03627 1.29291 -0.757788 
0.157947 1.30488 -1.00429 
1.0328 2.14376 -0.761782 
-0.421804 1.30052 -0.390124 
1.14762 1.85685 -0.819393 
1.0328 2.14376 -0.761782 
0.979105 1.87561 0.180001 
0.886728 2.16265 0.094421 
0.886728 2.16265 0.094421 
-0.040372 1.87252 0.199124 
0.011786 2.15929 0.116044 
-0.544358 1.86413 -0.390121 
-0.421804 1.30052 -0.390124 
0.011271 1.30873 0.11853 
0.979105 1.87561 0.180001 
-0.42313 2.15072 -0.390131 
0.892127 1.31154 0.107218 
0.892127 1.31154 0.107218 
1.14762 1.85685 -0.819393 
1.03627 1.29291 -0.757788 
-0.421804 1.30052 -0.390124 
0.011271 1.30873 0.11853 
0.157947 1.30488 -1.00429 
1.03627 1.29291 -0.757788 
0.892127 1.31154 0.107218 
0.157947 1.30488 -1.00429 
0.892127 1.31154 0.107218 
-0.421804 1.30052 -0.390124 
0.158325 2.15547 -1.00659 
-0.42313 2.15072 -0.390131 
0.011786 2.15929 0.116044 
1.0328 2.14376 -0.761782 
0.886728 2.16265 0.094421 
1.5202 1.11442 -0.555308 
1.43074 0.109854 -1.1217 
1.31961 0.997359 -1.12015 
1.31962 0.996772 0.056095 
1.43075 0.109251 0.046583 
1.62641 0.282333 -0.570233 
0.985148 1.59934 -0.939849 
0.985148 1.59934 -0.939849 
0.985157 1.59877 0.035525 
0.985184 0.000973 -1.36377 
0.985166 0.92473 -1.28144 
0.985232 0 0.238799 
0.985157 1.59877 0.035525 
0.985194 0.923958 0.198049 
-0.510572 -1e-06 0.23881 
0.985232 0 0.238799 
0.985194 0.923958 0.198049 
-0.510572 0.802777 0.235642 
0.985157 1.59877 0.035525 
-0.510573 1.35641 0.057747 
-0.510573 1.35641 0.057747 
0.985157 1.59877 0.035525 
-0.510582 1.35703 -0.98912 
0.985148 1.59934 -0.939849 
0.985184 0.000973 -1.36377 
-0.510585 0.000974 -1.36376 
-0.510583 0.803573 -1.29448 
0.985166 0.92473 -1.28144 
-0.510582 1.35703 -0.98912 
0.985148 1.59934 -0.939849 
-0.510572 -1e-06 0.23881 
-0.510585 0.000974 -1.36376 
0.985184 0.000973 -1.36377 
0.985232 0 0.238799 
0.985232 0 0.238799 
0.985184 0.000973 -1.36377 
1.43074 0.109854 -1.1217 
1.43075 0.109251 0.046583 
1.62641 0.282333 -0.570233 
-0.111343 0.259698 -1.35795 
-0.946357 0.259697 -1.35795 
-0.111343 0.80874 -1.3089 
-0.946357 0.80874 -1.3089 
-0.510574 1.35652 0.057495 
-0.510583 1.35707 -0.983337 
-1.38369 0.960281 -0.053321 
-1.3837 0.960694 -0.82999 
-2.03723 0.112497 -0.22272 
-2.0372 0.112733 -0.669738 
-2.0372 0.112733 -0.669738 
-1.27791 0.558986 -1.1941 
-1.3837 0.960694 -0.82999 
-0.510583 1.35707 -0.983337 
-0.510584 0.802206 -1.29473 
-0.510584 0.000998 -1.36301 
-2.0372 0.112733 -0.669738 
-1.40125 0.000788 -1.14424 
-1.40125 0.000788 -1.14424 
-0.510584 0.000998 -1.36301 
-0.510571 0.000123 0.238387 
-0.510573 0.801496 0.237882 
-1.2779 0.558341 0.118734 
-0.510574 1.35652 0.057495 
-0.510571 0.000123 0.238387 
-1.40126 0.000233 0.040327 
-2.03723 0.112497 -0.22272 
-1.38369 0.960281 -0.053321 
-2.03723 0.112497 -0.22272 
-1.40125 0.000788 -1.14424 
-0.510584 0.000998 -1.36301 
-1.40126 0.000233 0.040327 
-1.40125 0.000788 -1.14424 
-2.0372 0.112733 -0.669738 
-2.03723 0.112497 -0.22272 
-0.510571 0.000123 0.238387 
0.312287 2.7066 -0.104418 
0.015405 3.4751 -0.388818 
0.030484 2.70477 -0.385338 
0.312287 2.7066 -0.104418 
0.295579 3.47525 -0.124518 
0.591826 2.707 -0.387553 
0.57397 3.47412 -0.390434 
0.312287 2.7066 -0.104418 
0.030484 2.70477 -0.385338 
0.015405 3.4751 -0.388818 
0.293798 3.47352 -0.654732 
0.310027 2.705 -0.668474 
0.310027 2.705 -0.668474 
0.57397 3.47412 -0.390434 
0.310027 2.705 -0.668474 
0.591826 2.707 -0.387553 
0.32307 4.71039 -0.640898 
0.015405 3.4751 -0.388818 
0.044563 4.71526 -0.393723 
0.044563 4.71526 -0.393723 
0.015405 3.4751 -0.388818 
0.295579 3.47525 -0.124518 
0.324589 4.71217 -0.147798 
0.57397 3.47412 -0.390434 
0.603111 4.70801 -0.394975 
0.603111 4.70801 -0.394975 
0.57397 3.47412 -0.390434 
0.293798 3.47352 -0.654732 
0.312775 2.15445 0.104935 
0.588145 2.70795 0.388867 
0.593602 2.15533 0.388163 
0.308598 2.70663 0.105737 
0.593602 2.15533 0.388163 
0.588145 2.70795 0.388867 
0.306354 2.70536 0.669795 
0.310332 2.15361 0.668994 
0.310332 2.15361 0.668994 
0.306354 2.70536 0.669795 
0.026804 2.70422 0.386666 
0.029503 2.15295 0.385767 
0.029503 2.15295 0.385767 
0.026804 2.70422 0.386666 
0.308598 2.70663 0.105737 
0.312775 2.15445 0.104935 
-0.544465 1.86067 0.394245 
-0.427399 2.14725 0.393516 
-0.041117 1.87073 -0.194393 
0.011612 1.30695 -0.114105 
-0.421389 1.29707 0.394582 
0.007442 2.1575 -0.112692 
0.977213 1.87797 -0.175343 
0.892441 1.31393 -0.102837 
0.977213 1.87797 -0.175343 
0.011612 1.30695 -0.114105 
0.882354 2.165 -0.091114 
0.882354 2.165 -0.091114 
1.1457 1.86103 0.822976 
1.02857 2.14792 0.765105 
1.03673 1.29711 0.762184 
1.03673 1.29711 0.762184 
1.1457 1.86103 0.822976 
0.154051 2.15543 1.00995 
-0.427399 2.14725 0.393516 
-0.544465 1.86067 0.394245 
0.12903 1.86865 1.10797 
-0.421389 1.29707 0.394582 
0.158359 1.30484 1.00872 
1.1457 1.86103 0.822976 
1.02857 2.14792 0.765105 
0.154051 2.15543 1.00995 
0.158359 1.30484 1.00872 
0.011612 1.30695 -0.114105 
1.03673 1.29711 0.762184 
1.03673 1.29711 0.762184 
0.158359 1.30484 1.00872 
-0.421389 1.29707 0.394582 
0.011612 1.30695 -0.114105 
0.154051 2.15543 1.00995 
1.02857 2.14792 0.765105 
0.882354 2.165 -0.091114 
-0.427399 2.14725 0.393516 
0.007442 2.1575 -0.112692 
1.5202 1.11442 0.555307 
1.43075 0.109251 -0.046584 
1.31962 0.996775 -0.056096 
0.985147 1.59934 0.939848 
1.31961 0.997362 1.12015 
0.985147 1.59934 0.939848 
0.985156 1.59877 -0.035526 
1.43074 0.109856 1.1217 
1.62641 0.282335 0.570232 
0.985193 0.92396 -0.19805 
0.985231 1e-06 -0.2388 
0.985156 1.59877 -0.035526 
0.985183 0.000975 1.36377 
0.985165 0.924733 1.28144 
0.985231 1e-06 -0.2388 
-0.510573 0 -0.238811 
-0.510573 0.802779 -0.235643 
0.985193 0.92396 -0.19805 
-0.510574 1.35641 -0.057748 
0.985156 1.59877 -0.035526 
0.985156 1.59877 -0.035526 
-0.510574 1.35641 -0.057748 
0.985147 1.59934 0.939848 
-0.510583 1.35703 0.989119 
-0.510586 0.000976 1.36376 
0.985183 0.000975 1.36377 
0.985165 0.924733 1.28144 
-0.510584 0.803575 1.29448 
0.985147 1.59934 0.939848 
-0.510583 1.35703 0.989119 
-0.510586 0.000976 1.36376 
-0.510573 0 -0.238811 
0.985231 1e-06 -0.2388 
0.985183 0.000975 1.36377 
0.985183 0.000975 1.36377 
0.985231 1e-06 -0.2388 
1.43075 0.109251 -0.046584 
1.43074 0.109856 1.1217 
1.62641 0.282335 0.570232 
-0.111344 0.808742 1.3089 
-0.946358 0.808741 1.3089 
-0.111344 0.259698 1.35795 
-0.946358 0.259698 1.35795 
-0.510586 0.000999 1.36301 
-0.510585 0.802208 1.29473 
-1.27791 0.558987 1.1941 
-0.510584 1.35707 0.983336 
-0.510586 0.000999 1.36301 
-1.40125 0.000789 1.14424 
-1.40125 0.000789 1.14424 
-2.0372 0.112734 0.669737 
-1.3837 0.960696 0.829989 
-2.0372 0.112734 0.669737 
-1.38369 0.960282 0.05332 
-1.3837 0.960696 0.829989 
-0.510575 1.35652 -0.057496 
-2.0372 0.112734 0.669737 
-2.03723 0.112498 0.222719 
-0.510584 1.35707 0.983336 
-1.38369 0.960282 0.05332 
-0.510575 1.35652 -0.057496 
-1.2779 0.558342 -0.118735 
-2.03723 0.112498 0.222719 
-0.510574 0.801496 -0.237883 
-0.510573 0.000124 -0.238388 
-2.03723 0.112498 0.222719 
-1.40126 0.000234 -0.040328 
-0.510573 0.000124 -0.238388 
-1.40126 0.000234 -0.040328 
-0.510573 0.000124 -0.238388 
-1.40125 0.000789 1.14424 
-1.40125 0.000789 1.14424 
-2.03723 0.112498 0.222719 
-2.0372 0.112734 0.669737 
-0.510586 0.000999 1.36301 
0.295579 3.47526 0.124518 
0.026804 2.70422 0.386666 
0.015405 3.4751 0.388818 
0.573972 3.47412 0.390434 
0.308598 2.70663 0.105737 
0.308598 2.70663 0.105737 
0.588145 2.70795 0.388867 
0.308598 2.70663 0.105737 
0.015405 3.4751 0.388818 
0.026804 2.70422 0.386666 
0.306354 2.70536 0.669795 
0.306354 2.70536 0.669795 
0.293798 3.47352 0.654732 
0.306354 2.70536 0.669795 
0.588145 2.70795 0.388867 
0.573972 3.47412 0.390434 
0.32307 4.71039 0.638202 
0.573972 3.47412 0.390434 
0.603111 4.70801 0.394924 
0.603111 4.70801 0.394924 
0.573972 3.47412 0.390434 
0.295579 3.47526 0.124518 
0.324589 4.71217 0.150404 
0.015405 3.4751 0.388818 
0.044563 4.71526 0.393685 
0.044563 4.71526 0.393685 
0.015405 3.4751 0.388818 
0.293798 3.47352 0.654732 
1.56436 4.11408 9.4e-05 
1.26362 3.80487 0.188166 
2.79237 3.49457 -0.001596 
0.994071 4.82129 -0.005343 
0.590222 4.38443 0.276106 
2.79237 3.49457 -0.001596 
1.26362 3.80487 0.188166 
1.2779 3.80391 -0.154887 
2.79237 3.49457 -0.001596 
1.2779 3.80391 -0.154887 
1.56436 4.11408 9.4e-05 
0.614688 4.38573 -0.268038 
0.994071 4.82129 -0.005343 
1.26362 3.80487 0.188166 
0.590222 4.38443 0.276106 
1.2779 3.80391 -0.154887 
0.614688 4.38573 -0.268038 
0.998988 0.998988 0.998988 
